Camera matrix : 

[[924.72466779   0.         516.71046828]
 [  0.         921.28037454 458.41618092]
 [  0.           0.           1.        ]]
dist : 

[[ -0.14933202   4.08639482   0.02345672  -0.02288923 -17.46699301]]
rvecs : 

[array([[ 0.01175219],
       [ 0.22734323],
       [-0.05378906]]), array([[-0.05160356],
       [ 0.22393973],
       [-0.0287974 ]]), array([[0.0393256 ],
       [0.17473417],
       [0.01566226]]), array([[-0.03272699],
       [ 0.21975453],
       [-0.03130785]]), array([[0.01266168],
       [0.05391491],
       [0.04129572]]), array([[-0.01370474],
       [ 0.22721999],
       [-0.03699406]]), array([[0.025103  ],
       [0.12823981],
       [0.01086596]]), array([[0.01796835],
       [0.26078514],
       [0.01882763]]), array([[0.02827342],
       [0.16522154],
       [0.01983491]]), array([[0.01161745],
       [0.11232828],
       [0.03392199]]), array([[-0.05797996],
       [ 0.23734135],
       [-0.01718089]]), array([[-0.04363603],
       [ 0.2349769 ],
       [-0.02756715]]), array([[-0.07481732],
       [ 0.22751474],
       [-0.02962728]]), array([[-0.05397628],
       [ 0.24723476],
       [-0.03447081]]), array([[-0.04373113],
       [ 0.24249726],
       [-0.00783658]]), array([[0.00623628],
       [0.1890814 ],
       [0.00798575]]), array([[-0.0258428 ],
       [ 0.22980738],
       [-0.0144298 ]]), array([[-0.02033382],
       [ 0.26973743],
       [-0.02626816]]), array([[-0.05322543],
       [ 0.22611381],
       [-0.03279481]]), array([[-0.04476074],
       [ 0.27863573],
       [-0.02525135]]), array([[ 0.09256386],
       [ 0.22004146],
       [-0.03549944]]), array([[0.04690094],
       [0.09573364],
       [0.03756475]]), array([[0.13870429],
       [0.23436628],
       [0.01125176]]), array([[-0.02139656],
       [ 0.16036962],
       [ 0.02271626]]), array([[0.03646627],
       [0.11256777],
       [0.0279986 ]]), array([[0.02640152],
       [0.1791359 ],
       [0.010249  ]]), array([[-0.07963934],
       [ 0.25626679],
       [-0.014208  ]]), array([[0.03502309],
       [0.12128724],
       [0.02818184]]), array([[-0.10341213],
       [ 0.2272696 ],
       [-0.0332793 ]]), array([[ 0.11231755],
       [ 0.21095426],
       [-0.02966197]]), array([[-0.06173191],
       [ 0.25574169],
       [-0.01128229]]), array([[-0.04076332],
       [ 0.23580073],
       [-0.00867082]]), array([[0.02295008],
       [0.076681  ],
       [0.04285416]]), array([[-0.02342285],
       [ 0.19433232],
       [-0.01541693]]), array([[ 0.08204873],
       [ 0.2283386 ],
       [-0.03784233]]), array([[ 0.01127602],
       [ 0.22759404],
       [-0.05375975]]), array([[0.11667852],
       [0.26574634],
       [0.00673131]]), array([[-0.04593385],
       [ 0.27440305],
       [-0.01033924]]), array([[0.13799579],
       [0.23472944],
       [0.01125611]]), array([[-0.04904264],
       [ 0.21645294],
       [-0.03261611]]), array([[-0.03278282],
       [ 0.21979671],
       [-0.03133433]]), array([[0.00508952],
       [0.12069947],
       [0.03204345]]), array([[-0.05834266],
       [ 0.23034095],
       [-0.01456298]]), array([[-0.04733835],
       [ 0.25663325],
       [-0.01656663]]), array([[0.01012848],
       [0.08880715],
       [0.04123743]]), array([[ 0.05582078],
       [ 0.20642455],
       [-0.04120228]]), array([[ 0.05516643],
       [ 0.20600305],
       [-0.0413391 ]]), array([[ 0.01127402],
       [ 0.2275928 ],
       [-0.05375955]]), array([[-0.054049  ],
       [ 0.26699372],
       [-0.02453403]]), array([[-0.0392532 ],
       [ 0.27711962],
       [-0.02631523]])]
tvecs : 

[array([[-5.60047358],
       [-2.02120168],
       [44.46092147]]), array([[-4.58455733],
       [ 3.08221971],
       [35.61625077]]), array([[ 1.53783892],
       [ 0.33928665],
       [28.6257996 ]]), array([[-4.6758907 ],
       [ 1.92609526],
       [31.62233472]]), array([[-2.78767983],
       [-0.58606832],
       [34.97558753]]), array([[-4.76696681],
       [ 1.31610752],
       [29.80232391]]), array([[ 0.6997212 ],
       [ 0.3533846 ],
       [30.06790248]]), array([[ 2.24005147],
       [ 0.48993083],
       [28.07853423]]), array([[ 1.70121204],
       [ 0.40811023],
       [28.62384202]]), array([[-1.82225844],
       [-0.43756354],
       [33.77458635]]), array([[-0.94713719],
       [ 2.96063557],
       [36.23038062]]), array([[-2.94897597],
       [ 3.14458149],
       [45.21108283]]), array([[-4.59973392],
       [ 3.21875676],
       [36.43910354]]), array([[-4.57722555],
       [ 2.48289247],
       [33.26652097]]), array([[-0.28231386],
       [ 3.41790604],
       [33.80659232]]), array([[ 0.87613737],
       [ 0.39038031],
       [30.12662549]]), array([[-1.26747454],
       [ 2.48132671],
       [36.76297892]]), array([[-0.30237323],
       [ 2.67193502],
       [28.53879452]]), array([[-4.49176557],
       [ 3.48628525],
       [45.57723841]]), array([[-0.15333063],
       [ 3.33561439],
       [29.66343748]]), array([[-4.80673921],
       [-0.83172921],
       [23.96837792]]), array([[-1.64109015],
       [-0.45834216],
       [33.23688594]]), array([[-4.02407673],
       [-4.43310936],
       [19.35566933]]), array([[ 0.39055344],
       [ 0.20029349],
       [30.90421739]]), array([[-0.77017501],
       [-0.40622297],
       [32.06875568]]), array([[ 1.15917182],
       [ 0.35938225],
       [29.55025063]]), array([[-0.04513409],
       [ 3.77339336],
       [32.85978067]]), array([[-0.28430794],
       [-0.24252273],
       [31.39099835]]), array([[-4.64010783],
       [ 3.29839784],
       [37.31577192]]), array([[-4.7802632 ],
       [-1.08158474],
       [23.41876307]]), array([[-0.111928  ],
       [ 3.6444238 ],
       [33.14303359]]), array([[-0.56224337],
       [ 3.22535755],
       [34.91135017]]), array([[-2.99752708],
       [-0.57074172],
       [35.24671604]]), array([[-5.10928709],
       [ 2.81513137],
       [45.3316552 ]]), array([[-4.80315886],
       [-0.66932831],
       [24.41736412]]), array([[-5.60019464],
       [-2.02099544],
       [44.46771084]]), array([[-3.68185525],
       [-4.91961023],
       [18.16713587]]), array([[-0.42797994],
       [ 3.26656678],
       [34.54875451]]), array([[-4.02332995],
       [-4.43351605],
       [19.35740124]]), array([[-4.26567048],
       [ 3.57614674],
       [45.27062092]]), array([[-4.67589502],
       [ 1.92604096],
       [31.62179056]]), array([[-0.41779011],
       [-0.31503076],
       [31.85789443]]), array([[-2.76328316e-02],
       [ 3.89157586e+00],
       [ 3.18158489e+01]]), array([[-0.81943285],
       [ 3.07835043],
       [35.74724076]]), array([[-2.1641891 ],
       [-0.48738052],
       [34.25653282]]), array([[-4.84967441],
       [ 0.29311968],
       [27.23534177]]), array([[-4.85044534],
       [ 0.29375132],
       [27.24018894]]), array([[-5.60019117],
       [-2.02099705],
       [44.46769337]]), array([[-0.06532973],
       [ 3.7862062 ],
       [30.78216486]]), array([[-0.12052862],
       [ 3.58986582],
       [30.12228227]])]
