Camera matrix : 

[[860.89978345   0.         524.93063394]
 [  0.         862.03456429 487.84656983]
 [  0.           0.           1.        ]]
dist : 

[[-2.57764002e-01  8.90121960e+00  1.86169031e-02 -2.38067567e-02
  -5.05025413e+01]]
rvecs : 

[array([[0.01682427],
       [0.04990218],
       [0.04234276]]), array([[0.01637936],
       [0.10987172],
       [0.03539114]]), array([[-0.02674531],
       [ 0.24801929],
       [-0.00646035]]), array([[ 0.12059573],
       [ 0.20971811],
       [-0.02542003]]), array([[-0.02024238],
       [ 0.23508357],
       [-0.00681463]]), array([[0.02556778],
       [0.0718655 ],
       [0.04421321]]), array([[-0.02509527],
       [ 0.27442219],
       [-0.0082076 ]]), array([[-0.02576991],
       [ 0.25445742],
       [-0.01434451]]), array([[0.01102511],
       [0.08972067],
       [0.0423883 ]])]
tvecs : 

[array([[-3.09666038],
       [-1.70003902],
       [32.52685863]]), array([[-2.11868743],
       [-1.51164921],
       [31.40378464]]), array([[-0.5834599 ],
       [ 2.33722747],
       [31.38972703]]), array([[-4.97946122],
       [-1.82361106],
       [21.84167331]]), array([[-0.8753025 ],
       [ 2.11014237],
       [32.40414272]]), array([[-3.30825652],
       [-1.69285187],
       [32.79323819]]), array([[-0.73782968],
       [ 2.16280403],
       [32.06762144]]), array([[-1.13994304],
       [ 1.93706012],
       [33.17737904]]), array([[-2.46512509],
       [-1.57740822],
       [31.8773666 ]])]
